6544272011105965860
100545094706498922
1230530783488294903
-6533575531253692320
9053543098556621400
-5960911514482753791
5410790151978594895
1348120907580116541
2036556815664189619
-3587080142152359962
-997111334892126021
2575162270122328053
-7434400956357833661
-6851897394446764694
3816862584485494938
665405886769690174
-165527742864971798
-8225609270390563640
-746875654117956906
-5146084953661454015
-5810602647059314776
8727391260758524299
-8066671964745530994
5055882677652039474
7169057803965691511
9020555367075255514
7075364257800086043
-5752055467886387450
-755689312401270286
-7470620444378881744
-5068621235396896057
5672829280039613156
2646116006544409349
-3478563686818022561
-4694024755827493190
7616554279678369443
-3324337426889491760
-1696511086917721707
-7723910174094513499
-1021351260623824082
326542210705675668
1882360761880243363
-24971253540984388
-5160235060797149240
